0.85 0.75 0.65 0.55 0.55 0.65 0.75 0.85
0.75 0.50 0.35 0.25 0.25 0.35 0.50 0.75
0.65 0.35 0.15 0.10 0.10 0.15 0.35 0.65
0.55 0.25 0.10 0.05 0.05 0.10 0.25 0.55
0.55 0.25 0.10 0.05 0.05 0.10 0.25 0.55
0.65 0.35 0.15 0.10 0.10 0.15 0.35 0.65
0.75 0.50 0.35 0.25 0.25 0.35 0.50 0.75
0.85 0.75 0.65 0.55 0.55 0.65 0.75 0.85